16.008347054617033
4.654502764305241
4.472041807074908
4.360969021721518
4.241921202244713
4.135008435926961
4.070690120939805
4.013558480878862
3.9304532520440523
3.8957884334540926
3.837060357969329
3.8086475500773633
3.7728408004474723
3.7611626487455894
3.716345889940403
3.668097491667597
3.675719732810023
3.6403140458420453
3.6090343297827006
3.5777996174646858
3.5825885502067774
3.571898781951864
3.5407157126154813
3.5498316685012243
3.513682540853645
3.490194850105146
3.478673550390428
3.481134792151613
3.461098800665831
3.445408457034343
3.4424160667991472
3.417018036272802
3.409369338359018
3.4186770005546245
3.376475376155757
3.3768956349430232
3.3685807005259507
3.3778697321907583
3.369347178426741
3.3540593409600628
3.3246508419981393
3.327662204178708
3.306482055858622
3.324549569393514
3.3240561578828767
3.302559510354073
